LogLevel=1
#if ParamVersion changed, cocf.fw will be regenerated
ParamVersion=8
FWVersion=2122720
PanelCalibration=1
PanelNitsCalibration=1
CMDebug=1
inParam100nits=1
DualInterpolation=1
ForcePanelIdMatch=1
GammaCorrection=1
GammaWK=1
#PanelName=PanelId, PanelName:be set at dts, PanelId: 0~99:primary panel(default without setting), 100~199: secondary panel
P_3_AB849_dsc_cmd_mode_panel=0
AB849_P_1_A0022_dsc_cmd_mode_panel=0

P_3_AB849_dsc_cmd_mode_panel_Vivid=0.6830 0.3200 0.2650 0.6900 0.1450 0.0550 0.2995 0.3095 0.4545454545  0.6860 0.3200 0.2650 0.6900 0.1450 0.0550 0.2995 0.3095  0.4545454545  1  0  0  0  0  0  0  0.456621004  1  1  0  0  0  0  0  0.03  0.03  0.04  0.05  0.06  1  0  0  0  0  0  0  0  0  0  0  0  0  1  0  0  0  0  0  0  0  0  0  0  0  0  0  0  0  0  0  0  0  0  0  0  0  0  0  0  0  0  0  0  0  0
P_3_AB849_dsc_cmd_mode_panel_Nature=0.643 0.3290 0.3000 0.6020 0.1500 0.0590 0.3120 0.3270 0.4545454545  0.6460 0.3300 0.3000 0.6020 0.1480 0.0570 0.3120 0.3270  0.4545454545  1  0  0  0  0  0  0  0.456621004  1  1  0  0  0  0  0  0.03  0.03  0.03  0.03  0.00  1  0  0  0  0  0  0  0  0  0  0  0  0  1  0  0  0  0  0  0  0  0  0  0  0  0  0  0  0  0  0  0  0  0  0  0  0  0  0  0  0  0  0  0  0  0
P_3_AB849_dsc_cmd_mode_panel_Cinema=0.683 0.3195 0.2650 0.6900 0.1495 0.0595 0.3120 0.3270 0.4545454545  0.6860 0.3190 0.2650 0.6910 0.1480 0.0580 0.3120 0.3270  0.4545454545  1  0  0  0  0  0  0  0.456621004  1  1  0  0  0  0  0  0.03  0.03  0.03  0.03  0.00  1  0  0  0  0  0  0  0  0  0  0  0  0  1  0  0  0  0  0  0  0  0  0  0  0  0  0  0  0  0  0  0  0  0  0  0  0  0  0  0  0  0  0  0  0  0
P_3_AB849_dsc_cmd_mode_panel_LsRGB=0.6440 0.3290 0.3000 0.6020 0.1450 0.0550 0.2995 0.3095 0.4545454545  0.6440 0.3290 0.3000 0.6000 0.1450 0.0550 0.2995 0.3095  0.4545454545  1  0  0  0  0  0  0  0.456621004  1  1  0  0  0  0  0  0.03  0.03  0.04  0.05  0.05  1  0  0  0  0  0  0  0  0  0  0  0  0  1  0  0  0  0  0  0  0  0  0  0  0  0  0  0  0  0  0  0  0  0  0  0  0  0  0  0  0  0  0  0  0  0
P_3_AB849_dsc_cmd_mode_panel_EsRGB=0.6678 0.3275 0.2857 0.6770 0.1396 0.0468 0.2995 0.3095 0.4545454545 20 1  0.64  0.33  0.30  0.60  0.15  0.06  0.2995 0.3095  0.4545454545  0.026  0.013  0.252  0.515  -24  0.04  0.02  0.252  0.515  -24  10
P_3_AB849_dsc_cmd_mode_panel_EP3=0.6678 0.3275 0.2857 0.6770 0.1396 0.0468 0.2995 0.3095 0.4545454545 20 1  0.64  0.33  0.30  0.60  0.15  0.06  0.2995 0.3095  0.4545454545  0.026  0.013  0.252  0.515  -24  0.04  0.02  0.252  0.515  -24  10

P_3_AB849_dsc_cmd_mode_panel_Vivid_100nits=0.6830 0.3200 0.2650 0.6900 0.1460 0.0560 0.2995 0.3095 0.4545454545  0.6810 0.3200 0.2650 0.6900 0.1460 0.0560 0.2995 0.3095 0.4545454545  1  0  0  0  0  0  0  0.456621004  1  1  0  0  0  0  0  0.03  0.03  0.04  0.04  0.04  1  0  0  0  0  0  0  0  0  0  0  0  0  1  0  0  0  0  0  0  0  0  0  0  0  0  0  0  0  0  0  0  0  0  0  0  0  0  0  0  0  0  0  0  0  0
P_3_AB849_dsc_cmd_mode_panel_Nature_100nits=0.642 0.3300 0.3000 0.6000 0.1500 0.0600 0.3125 0.3275 0.4545454545  0.6430 0.3300 0.3000 0.6000 0.1500 0.0600 0.3125 0.3275 0.4545454545  1  0  0  0  0  0  0  0.456621004  1  1  0  0  0  0  0  0.03  0.03  0.03  0.03  0.02  1  0  0  0  0  0  0  0  0  0  0  0  0  1  0  0  0  0  0  0  0  0  0  0  0  0  0  0  0  0  0  0  0  0  0  0  0  0  0  0  0  0  0  0  0  0
P_3_AB849_dsc_cmd_mode_panel_Cinema_100nits=0.680 0.3200 0.2650 0.6900 0.1500 0.0600 0.3125 0.3275 0.4545454545  0.6800 0.3200 0.2650 0.6900 0.1500 0.0600 0.3125 0.3275 0.4545454545  1  0  0  0  0  0  0  0.456621004  1  1  0  0  0  0  0  0.02  0.03  0.02  0.02  0.00  1  0  0  0  0  0  0  0  0  0  0  0  0  1  0  0  0  0  0  0  0  0  0  0  0  0  0  0  0  0  0  0  0  0  0  0  0  0  0  0  0  0  0  0  0  0
P_3_AB849_dsc_cmd_mode_panel_LsRGB_100nits=0.6440 0.3290 0.3000 0.6020 0.1450 0.0550 0.2995 0.3095 0.4545454545  0.6420 0.3300 0.3000 0.6000 0.1450 0.0550 0.2995 0.3095 0.4545454545  1  0  0  0  0  0  0  0.456621004  1  1  0  0  0  0  0  0.03  0.03  0.04  0.05  0.06  1  0  0  0  0  0  0  0  0  0  0  0  0  1  0  0  0  0  0  0  0  0  0  0  0  0  0  0  0  0  0  0  0  0  0  0  0  0  0  0  0  0  0  0  0  0
P_3_AB849_dsc_cmd_mode_panel_EsRGB_100nits=0.6678 0.3275 0.2857 0.6770 0.1396 0.0468 0.2995 0.3095 0.4545454545 20  1  0.64  0.33  0.30  0.60  0.15  0.06  0.2995 0.3095 0.4545454545  0.026  0.013  0.252  0.515  -24  0.04  0.02  0.252  0.515  -24  10
P_3_AB849_dsc_cmd_mode_panel_EP3_100nits=0.6678 0.3275 0.2857 0.6770 0.1396 0.0468 0.2995 0.3095 0.4545454545 20  1  0.64  0.33  0.30  0.60  0.15  0.06  0.2995 0.3095 0.4545454545  0.026  0.013  0.252  0.515  -24  0.04  0.02  0.252  0.515  -24  10

P_3_AB849_dsc_cmd_mode_panel_Vivid_2nits=0.6820  0.3200  0.2650 0.6900 0.1450 0.0550 0.2995 0.3095 0.4545454545  0.6800 0.3200 0.2650 0.6900 0.1450 0.0550 0.2995 0.3095 0.4545454545  1  0  0  0  0  0  0  0.450450450  1  1 0.3 0.3 0 0  0  0  0  0  0  0  1  0  0  0  0  0  0  0  0  0  0  0  0  1  0  0  0  0  0  0  0  0  0  0  0  0  0  0  0  0  0  0  0  0  0  0  0  0  0  0  0  0  0  0  0  0
P_3_AB849_dsc_cmd_mode_panel_Nature_2nits=0.640  0.3300  0.3000 0.6000 0.1500 0.0600 0.3120 0.3265 0.4545454545  0.6400 0.3300 0.3000 0.6000 0.1500 0.0600 0.3120 0.3265 0.4545454545  1  0  0  0  0  0  0  0.450450450  1  1  0  0  0  0  0  0  0  0  0  0  1  0  0  0  0  0  0  0  0  0  0  0  0  1  0  0  0  0  0  0  0  0  0  0  0  0  0  0  0  0  0  0  0  0  0  0  0  0  0  0  0  0  0  0  0  0
P_3_AB849_dsc_cmd_mode_panel_Cinema_2nits=0.680  0.3200  0.2650 0.6900 0.1500 0.0600 0.3120 0.3265 0.4545454545  0.6800 0.3200 0.2650 0.6900 0.1500 0.0600 0.3120 0.3265 0.4545454545  1  0  0  0  0  0  0  0.450450450  1  1  0  0  0  0  0  0  0  0  0  0  1  0  0  0  0  0  0  0  0  0  0  0  0  1  0  0  0  0  0  0  0  0  0  0  0  0  0  0  0  0  0  0  0  0  0  0  0  0  0  0  0  0  0  0  0  0
P_3_AB849_dsc_cmd_mode_panel_LsRGB_2nits=0.6440  0.3290  0.3000 0.6020 0.1450 0.0550 0.2995 0.3095 0.4545454545  0.6400 0.3300 0.3000 0.6000 0.1450 0.0550 0.2995 0.3095 0.4545454545  1  0  0  0  0  0  0  0.450450450  1  1 0.3 0.3 0 0  0  0  0  0  0  0  1  0  0  0  0  0  0  0  0  0  0  0  0  1  0  0  0  0  0  0  0  0  0  0  0  0  0  0  0  0  0  0  0  0  0  0  0  0  0  0  0  0  0  0  0  0
P_3_AB849_dsc_cmd_mode_panel_EsRGB_2nits=0.6678 0.3275 0.2857 0.6770 0.1396 0.0468 0.2995 0.3095 0.4545454545 20  1  0.64  0.33  0.30  0.60  0.15  0.06  0.2995 0.3095 0.4545454545  0.026  0.013  0.252  0.515  -24  0.04  0.02  0.252  0.515  -24  10
P_3_AB849_dsc_cmd_mode_panel_EP3_2nits=0.6678 0.3275 0.2857 0.6770 0.1396 0.0468 0.2995 0.3095 0.4545454545 20  1  0.64  0.33  0.30  0.60  0.15  0.06  0.2995 0.3095 0.4545454545  0.026  0.013  0.252  0.515  -24  0.04  0.02  0.252  0.515  -24  10


AB849_P_1_A0022_dsc_cmd_mode_panel_Vivid=0.6800 0.3205 0.2670 0.6890 0.1495 0.0605 0.2994 0.3107 0.4545454545  0.6800 0.3205 0.2670 0.6890 0.1495 0.0605 0.2994 0.3107  0.4545454545  1  0  0  0  0  0  0  0.456621004  1  1  0  0  0  0  0  0.03  0.03  0.04  0.05  0.06  1  0  0  0  0  0  0  0  0  0  0  0  0  1  0  0  0  0  0  0  0  0  0  0  0  0  0  0  0  0  0  0  0  0  0  0  0  0  0  0  0  0  0  0  0  0
AB849_P_1_A0022_dsc_cmd_mode_panel_Nature=0.641 0.3310 0.3000 0.6020 0.1500 0.0590 0.3110 0.3260 0.4545454545  0.6440 0.3310 0.3000 0.6020 0.1480 0.0570 0.3110 0.3260  0.4545454545  1  0  0  0  0  0  0  0.456621004  1  1  0  0  0  0  0  0.03  0.03  0.03  0.03  0.00  1  0  0  0  0  0  0  0  0  0  0  0  0  1  0  0  0  0  0  0  0  0  0  0  0  0  0  0  0  0  0  0  0  0  0  0  0  0  0  0  0  0  0  0  0  0
AB849_P_1_A0022_dsc_cmd_mode_panel_Cinema=0.682 0.3195 0.2650 0.6900 0.1495 0.0595 0.3110 0.3260 0.4545454545  0.6840 0.3190 0.2650 0.6910 0.1480 0.0580 0.3110 0.3260  0.4545454545  1  0  0  0  0  0  0  0.456621004  1  1  0  0  0  0  0  0.03  0.03  0.03  0.03  0.00  1  0  0  0  0  0  0  0  0  0  0  0  0  1  0  0  0  0  0  0  0  0  0  0  0  0  0  0  0  0  0  0  0  0  0  0  0  0  0  0  0  0  0  0  0  0
AB849_P_1_A0022_dsc_cmd_mode_panel_LsRGB=0.6440 0.3290 0.3000 0.6020 0.1450 0.0550 0.2994 0.3107 0.4545454545  0.6440 0.3290 0.3000 0.6000 0.1450 0.0550 0.2994 0.3107  0.4545454545  1  0  0  0  0  0  0  0.456621004  1  1  0  0  0  0  0  0.03  0.03  0.04  0.05  0.05  1  0  0  0  0  0  0  0  0  0  0  0  0  1  0  0  0  0  0  0  0  0  0  0  0  0  0  0  0  0  0  0  0  0  0  0  0  0  0  0  0  0  0  0  0  0
AB849_P_1_A0022_dsc_cmd_mode_panel_EsRGB=0.6745 0.3249 0.2757 0.6826 0.1391 0.0468  0.2994 0.3107 0.4545454545 20 1  0.64  0.33  0.30  0.60  0.15  0.06   0.2994 0.3107  0.4545454545  0.026  0.013  0.252  0.515  -24  0.04  0.02  0.252  0.515  -24  10
AB849_P_1_A0022_dsc_cmd_mode_panel_EP3=0.6745 0.3249 0.2757 0.6826 0.1391 0.0468  0.2994 0.3107 0.4545454545 20 1  0.64  0.33  0.30  0.60  0.15  0.06   0.2994 0.3107  0.4545454545  0.026  0.013  0.252  0.515  -24  0.04  0.02  0.252  0.515  -24  10

AB849_P_1_A0022_dsc_cmd_mode_panel_Vivid_100nits=0.6835 0.3175 0.2660 0.6890 0.1485 0.0585 0.2994 0.3107 0.4545454545  0.6835 0.3175 0.2660 0.6890 0.1485 0.0585 0.2994 0.3107 0.4545454545  1  0  0  0  0  0  0  0.456621004  1  1  0  0  0  0  0  0.03  0.03  0.04  0.04  0.04  1  0  0  0  0  0  0  0  0  0  0  0  0  1  0  0  0  0  0  0  0  0  0  0  0  0  0  0  0  0  0  0  0  0  0  0  0  0  0  0  0  0  0  0  0  0
AB849_P_1_A0022_dsc_cmd_mode_panel_Nature_100nits=0.642 0.3300 0.3000 0.6000 0.1500 0.0600 0.3110 0.3260 0.4545454545  0.6430 0.3300 0.3000 0.6000 0.1500 0.0600 0.3110 0.3260 0.4545454545  1  0  0  0  0  0  0  0.456621004  1  1  0  0  0  0  0  0.03  0.03  0.03  0.03  0.02  1  0  0  0  0  0  0  0  0  0  0  0  0  1  0  0  0  0  0  0  0  0  0  0  0  0  0  0  0  0  0  0  0  0  0  0  0  0  0  0  0  0  0  0  0  0
AB849_P_1_A0022_dsc_cmd_mode_panel_Cinema_100nits=0.680 0.3200 0.2650 0.6900 0.1500 0.0600 0.3110 0.3260 0.4545454545  0.6800 0.3200 0.2650 0.6900 0.1500 0.0600 0.3110 0.3260 0.4545454545  1  0  0  0  0  0  0  0.456621004  1  1  0  0  0  0  0  0.02  0.03  0.02  0.02  0.00  1  0  0  0  0  0  0  0  0  0  0  0  0  1  0  0  0  0  0  0  0  0  0  0  0  0  0  0  0  0  0  0  0  0  0  0  0  0  0  0  0  0  0  0  0  0
AB849_P_1_A0022_dsc_cmd_mode_panel_LsRGB_100nits=0.6440 0.3290 0.3000 0.6020 0.1450 0.0550 0.2994 0.3107 0.4545454545  0.6420 0.3300 0.3000 0.6000 0.1450 0.0550 0.2994 0.3107 0.4545454545  1  0  0  0  0  0  0  0.456621004  1  1  0  0  0  0  0  0.03  0.03  0.04  0.05  0.06  1  0  0  0  0  0  0  0  0  0  0  0  0  1  0  0  0  0  0  0  0  0  0  0  0  0  0  0  0  0  0  0  0  0  0  0  0  0  0  0  0  0  0  0  0  0
AB849_P_1_A0022_dsc_cmd_mode_panel_EsRGB_100nits=0.6745 0.3249 0.2757 0.6826 0.1391 0.0468  0.2994 0.3107 0.4545454545 20  1  0.64  0.33  0.30  0.60  0.15  0.06   0.2994 0.3107 0.4545454545  0.026  0.013  0.252  0.515  -24  0.04  0.02  0.252  0.515  -24  10
AB849_P_1_A0022_dsc_cmd_mode_panel_EP3_100nits=0.6745 0.3249 0.2757 0.6826 0.1391 0.0468  0.2994 0.3107 0.4545454545 20  1  0.64  0.33  0.30  0.60  0.15  0.06   0.2994 0.3107 0.4545454545  0.026  0.013  0.252  0.515  -24  0.04  0.02  0.252  0.515  -24  10

AB849_P_1_A0022_dsc_cmd_mode_panel_Vivid_2nits=0.6800 0.3205  0.2660 0.6940 0.1495 0.0605 0.2994 0.3107 0.4545454545  0.6800 0.3205 0.2660 0.6940 0.1495 0.0605 0.2994 0.3107 0.4545454545  1  0  0  0  0  0  0  0.450450450  1  1 0.3 0.3 0 0  0  0  0  0  0  0  1  0  0  0  0  0  0  0  0  0  0  0  0  1  0  0  0  0  0  0  0  0  0  0  0  0  0  0  0  0  0  0  0  0  0  0  0  0  0  0  0  0  0  0  0  0
AB849_P_1_A0022_dsc_cmd_mode_panel_Nature_2nits=0.640  0.3300  0.3000 0.6000 0.1500 0.0600 0.3110 0.3260 0.4545454545  0.6400 0.3300 0.3000 0.6000 0.1500 0.0600 0.3110 0.3260 0.4545454545  1  0  0  0  0  0  0  0.450450450  1  1  0  0  0  0  0  0  0  0  0  0  1  0  0  0  0  0  0  0  0  0  0  0  0  1  0  0  0  0  0  0  0  0  0  0  0  0  0  0  0  0  0  0  0  0  0  0  0  0  0  0  0  0  0  0  0  0
AB849_P_1_A0022_dsc_cmd_mode_panel_Cinema_2nits=0.680  0.3200  0.2650 0.6900 0.1500 0.0600 0.3110 0.3260 0.4545454545  0.6800 0.3200 0.2650 0.6900 0.1500 0.0600 0.3110 0.3260 0.4545454545  1  0  0  0  0  0  0  0.450450450  1  1  0  0  0  0  0  0  0  0  0  0  1  0  0  0  0  0  0  0  0  0  0  0  0  1  0  0  0  0  0  0  0  0  0  0  0  0  0  0  0  0  0  0  0  0  0  0  0  0  0  0  0  0  0  0  0  0
AB849_P_1_A0022_dsc_cmd_mode_panel_LsRGB_2nits=0.6440  0.3290  0.3000 0.6020 0.1450 0.0550 0.2994 0.3107 0.4545454545  0.6400 0.3300 0.3000 0.6000 0.1450 0.0550 0.2994 0.3107 0.4545454545  1  0  0  0  0  0  0  0.450450450  1  1 0.3 0.3 0 0  0  0  0  0  0  0  1  0  0  0  0  0  0  0  0  0  0  0  0  1  0  0  0  0  0  0  0  0  0  0  0  0  0  0  0  0  0  0  0  0  0  0  0  0  0  0  0  0  0  0  0  0
AB849_P_1_A0022_dsc_cmd_mode_panel_EsRGB_2nits=0.6745 0.3249 0.2757 0.6826 0.1391 0.0468  0.2994 0.3107 0.4545454545 20  1  0.64  0.33  0.30  0.60  0.15  0.06   0.2994 0.3107 0.4545454545  0.026  0.013  0.252  0.515  -24  0.04  0.02  0.252  0.515  -24  10
AB849_P_1_A0022_dsc_cmd_mode_panel_EP3_2nits=0.6745 0.3249 0.2757 0.6826 0.1391 0.0468  0.2994 0.3107 0.4545454545 20  1  0.64  0.33  0.30  0.60  0.15  0.06   0.2994 0.3107 0.4545454545  0.026  0.013  0.252  0.515  -24  0.04  0.02  0.252  0.515  -24  10

